Information and diagnostics 
=========================== 
Total iter:                       12295 
Burn-in:                          300 
Thin:                             6 
Num chains:                       3 
Max Rhat:                         1 
Min n.eff:                        1132 
Data version:                     6.0 


Model summary 
============= 
                mean     sd     2.5%      50%    97.5% Rhat n.eff
mu[1]          2.067  0.222    1.643    2.067    2.509    1  1169
mu[2]          2.297  0.208    1.898    2.295    2.710    1  2507
mu[3]          2.776  0.260    2.279    2.767    3.321    1  2821
mu[4]          2.003  0.239    1.551    1.996    2.478    1  2657
mean.phi[1]    0.886  0.022    0.838    0.888    0.925    1  1132
mean.phi[2]    0.907  0.017    0.870    0.908    0.938    1  2570
mean.phi[3]    0.940  0.015    0.907    0.941    0.965    1  2874
mean.phi[4]    0.879  0.025    0.825    0.880    0.923    1  2680
mean.p[1]      0.989  0.003    0.982    0.989    0.993    1  1649
mean.p[2]      0.833  0.054    0.698    0.845    0.897    1  4785
beta.yr[1]    -0.724  0.370   -1.470   -0.713   -0.016    1  2029
beta.yr[2]    -0.228  0.260   -0.749   -0.225    0.278    1  1777
beta.yr[3]    -0.011  0.262   -0.528   -0.010    0.486    1  1582
beta.male     -0.161  0.229   -0.608   -0.158    0.291    1  2313
beta.win      -0.571  0.103   -0.772   -0.571   -0.372    1  4427
beta.p.win    -0.122  0.129   -0.363   -0.125    0.139    1  5789
deviance    1164.333 36.400 1096.137 1163.976 1239.579    1  3946
fit            9.088  2.262    5.459    8.803   14.123    1  5087
fit.rep        9.304  2.447    5.222    9.077   14.704    1  5878
