Information and diagnostics 
=========================== 
Total iter:                       12295 
Burn-in:                          300 
Thin:                             6 
Num chains:                       3 
Max Rhat:                         1.01 
Min n.eff:                        1146 
Data version:                     5.0 


Model summary 
============= 
                mean     sd     2.5%      50%    97.5% Rhat n.eff
mu[1]          2.396  0.231    1.948    2.393    2.859 1.01  1146
mu[2]          2.152  0.202    1.771    2.145    2.558 1.00  2420
mu[3]          2.635  0.250    2.170    2.631    3.133 1.00  3095
mu[4]          1.901  0.233    1.461    1.897    2.371 1.00  4317
mean.phi[1]    0.915  0.018    0.875    0.916    0.946 1.01  1159
mean.phi[2]    0.894  0.019    0.855    0.895    0.928 1.00  2567
mean.phi[3]    0.931  0.016    0.898    0.933    0.958 1.00  3167
mean.phi[4]    0.868  0.027    0.812    0.870    0.915 1.00  4401
mean.p[1]      0.992  0.002    0.987    0.992    0.995 1.00  1974
mean.p[2]      0.820  0.063    0.664    0.835    0.896 1.00  4720
beta.yr[1]    -0.711  0.393   -1.505   -0.709    0.062 1.00  1967
beta.yr[2]    -0.336  0.273   -0.888   -0.335    0.185 1.00  1431
beta.yr[3]    -0.065  0.266   -0.588   -0.062    0.458 1.00  1486
beta.age      -0.114  0.121   -0.357   -0.112    0.113 1.00  3659
beta.male      0.200  0.230   -0.243    0.202    0.642 1.00  2564
beta.win      -0.586  0.104   -0.790   -0.585   -0.386 1.00  4953
beta.p.win    -0.188  0.142   -0.454   -0.191    0.104 1.00  5217
deviance    1167.685 36.720 1097.205 1167.515 1240.761 1.00  5387
fit            7.922  2.006    4.771    7.658   12.474 1.00  5422
fit.rep        8.384  2.244    4.725    8.141   13.475 1.00  5251
