Information and diagnostics 
=========================== 
Total iter:                       12295 
Burn-in:                          300 
Thin:                             6 
Num chains:                       3 
Max Rhat:                         1.01 
Min n.eff:                        1506 
Data version:                     4.0 


Model summary 
============= 
               mean     sd    2.5%     50%   97.5% Rhat n.eff
mu[1]         2.143  0.231   1.709   2.137   2.618 1.01  1506
mu[2]         2.826  0.260   2.325   2.824   3.350 1.00  3037
mu[3]         2.124  0.242   1.661   2.122   2.605 1.00  2481
mean.phi[1]   0.893  0.022   0.847   0.894   0.932 1.01  1566
mean.phi[2]   0.942  0.014   0.911   0.944   0.966 1.00  2930
mean.phi[3]   0.891  0.023   0.840   0.893   0.931 1.00  2473
mean.p[1]     0.990  0.003   0.983   0.990   0.994 1.00  2116
mean.p[2]     0.812  0.066   0.649   0.827   0.896 1.00  4217
beta.yr[1]    0.342  0.350  -0.347   0.346   1.035 1.00  4085
beta.yr[2]    0.148  0.268  -0.383   0.147   0.676 1.01  2006
beta.yr[3]    0.684  0.261   0.173   0.684   1.178 1.00  2666
beta.male     0.267  0.215  -0.158   0.266   0.712 1.00  4834
beta.win     -0.513  0.101  -0.713  -0.512  -0.314 1.00  4625
beta.p.win   -0.130  0.138  -0.390  -0.130   0.144 1.00  5609
deviance    745.617 26.629 695.955 745.217 799.421 1.00  5273
fit           6.820  1.980   3.688   6.560  11.317 1.00  5459
fit.rep       6.957  2.157   3.611   6.648  12.027 1.00  5649
