Information and diagnostics 
=========================== 
Total iter:                       6295 
Burn-in:                          300 
Thin:                             6 
Num chains:                       3 
Max Rhat:                         1.01 
Min n.eff:                        989 
Data version:                     8.0 


Model summary 
============= 
                mean     sd    2.5%      50%    97.5% Rhat n.eff
mu[1]          1.490  0.121   1.257    1.488    1.729 1.00  2540
mu[2]          2.483  0.144   2.208    2.482    2.781 1.00  3000
mu[3]          3.259  0.194   2.893    3.253    3.651 1.00  2137
mu[4]          2.643  0.201   2.262    2.642    3.062 1.00  2758
mean.phi[1]    0.815  0.018   0.779    0.816    0.849 1.00  2536
mean.phi[2]    0.922  0.010   0.901    0.923    0.942 1.00  3000
mean.phi[3]    0.962  0.007   0.947    0.963    0.975 1.00  2120
mean.phi[4]    0.932  0.013   0.906    0.934    0.955 1.00  2762
mean.p[1]      0.993  0.002   0.989    0.994    0.996 1.00   989
mean.p[2]      0.792  0.071   0.625    0.803    0.892 1.00  2345
beta.male      0.092  0.126  -0.152    0.094    0.336 1.00  2704
beta.win      -0.389  0.097  -0.571   -0.389   -0.201 1.00  2269
beta.mass      0.480  0.099   0.290    0.479    0.670 1.00  3000
beta.feed      0.537  0.205   0.144    0.533    0.959 1.00  2889
beta.p.win    -0.229  0.125  -0.468   -0.233    0.022 1.00  2849
deviance    1062.320 35.725 994.570 1061.123 1136.056 1.00  2107
fit            7.133  2.112   3.742    6.896   11.887 1.01  2395
fit.rep        7.661  2.294   4.127    7.383   12.590 1.00  2393
