Information and diagnostics 
=========================== 
Total iter:                       6295 
Burn-in:                          300 
Thin:                             6 
Num chains:                       3 
Max Rhat:                         1.01 
Min n.eff:                        859 
Data version:                     9.0 


Model summary 
============= 
                mean     sd     2.5%      50%    97.5% Rhat n.eff
mu[1]          1.686  0.191    1.316    1.678    2.068 1.00  3000
mu[2]          1.856  0.144    1.586    1.853    2.142 1.00  2749
mu[3]          2.596  0.140    2.336    2.595    2.875 1.00  3000
mu[4]          3.388  0.188    3.034    3.382    3.780 1.00  3000
mu[5]          2.895  0.212    2.504    2.888    3.335 1.00  3113
mean.phi[1]    0.842  0.025    0.789    0.843    0.888 1.00  3000
mean.phi[2]    0.864  0.017    0.830    0.864    0.895 1.00  2764
mean.phi[3]    0.930  0.009    0.912    0.931    0.947 1.00  3000
mean.phi[4]    0.967  0.006    0.954    0.967    0.978 1.00  3000
mean.phi[5]    0.947  0.011    0.924    0.947    0.966 1.00  3094
mean.p         0.992  0.002    0.988    0.993    0.996 1.01   859
beta.male     -0.296  0.181   -0.654   -0.294    0.058 1.00  2910
beta.win      -0.392  0.096   -0.578   -0.392   -0.197 1.00  2523
beta.mass      0.490  0.102    0.293    0.490    0.691 1.00  3109
beta.feed      0.380  0.208   -0.028    0.380    0.788 1.00  2863
beta.p.win    -0.232  0.110   -0.438   -0.235   -0.003 1.00  3000
deviance    1070.862 34.591 1006.312 1069.969 1141.401 1.00  2685
fit            7.677  2.249    4.028    7.423   12.782 1.00  2273
fit.rep        8.339  2.357    4.595    8.065   13.583 1.00  2663
