Information and diagnostics 
=========================== 
Total iter:                       12295 
Burn-in:                          300 
Thin:                             6 
Num chains:                       3 
Max Rhat:                         1.04 
Min n.eff:                        341 
Data version:                     3.0 


Model summary 
============= 
               mean     sd    2.5%     50%   97.5% Rhat n.eff
mu[1]         1.870  0.535   0.810   1.869   2.901 1.04   361
mu[2]         2.815  0.574   1.664   2.814   3.942 1.02   416
mu[3]         2.381  0.628   1.172   2.375   3.612 1.02   527
mu[4]         0.679  0.612  -0.542   0.685   1.867 1.03   426
mean.phi[1]   0.855  0.066   0.692   0.866   0.948 1.04   341
mean.phi[2]   0.935  0.036   0.841   0.943   0.981 1.03   371
mean.phi[3]   0.903  0.056   0.764   0.915   0.974 1.03   484
mean.phi[4]   0.652  0.130   0.368   0.665   0.866 1.03   414
mean.p[1]     0.994  0.003   0.987   0.994   0.998 1.01   799
mean.p[2]     0.860  0.074   0.679   0.874   0.962 1.00  2441
beta.yr[1]    0.658  0.561  -0.438   0.655   1.785 1.03   453
beta.yr[2]    0.708  0.535  -0.330   0.709   1.785 1.03   361
beta.yr[3]    1.261  0.532   0.230   1.254   2.316 1.02   385
beta.win     -0.215  0.042  -0.296  -0.215  -0.131 1.00  3897
beta.p.win   -0.070  0.056  -0.183  -0.071   0.042 1.00  4844
deviance    735.805 27.347 684.780 735.026 790.759 1.00  3252
fit           6.855  2.434   3.444   6.437  12.545 1.00  4544
fit.rep       7.049  2.457   3.568   6.681  12.449 1.00  3871
